11562
88018
88470
145875
514364
690740
758174
1185644
1296625
1522705
2553754
3246092
3916428
3940262
4281729
5150808
5390881
5448108
5571849
6103402
6922000
8363146
8591574
8712306
9001210
10019586
10366616
10516239
11550182
11865327
11929046
12231202
16317795
16769223
18180970
19195168
19672354
19757254
20237599
20321748
20441493
20796460
21265941
21289303
21604967
23589642
23883296
24009418
24191321
25175582
25907144
26316691
26596237
26682464
26771994
26916833
27005611
27178898
27738470
28070572
28291366
29126401
29337472
29713094
29904110
30237211
31078647
31456357
31763321
31818853
32428445
32922146
32940748
32948553
32995405
33122084
33366656
33989295
34050628
34322358
34505203
34726076
35125459
35504297
35941194
36162063
36283165
36343070
36547811
36864918
37082864
37147003
37658157
38057824
38257256
38515149
38607887
38628747
39173624
39749294
40112682
40209325
40547474
40586005
41016928
41231571
41246809
41288955
41393767
41470731
41818582
42475673
42935949
42989814
43276219
43401453
43619695
43720230
44232590
47434686
47501114
47508363
47976221
48360195
48782900
49317728
49331113
49340426
49424504
50138949
50674154
50828662
51073415
51541746
51684352
51747431
51836201
52191022
53178236
53252694
53722536
54580962
55649904
56163466
56939869
57615524
57835748
58038052
58134384
58380135
59273184
59457413
59463394
59752811
60358050
60943014
61061435
61284613
62230193
63703276
65076060
65166008
65623472
65674469
65782028
66189266
66228684
66296404
66598119
66620961
67601693
67760037
67882382
68186278
68254582
68308368
68467307
69325073
70388657
70401824
70663093
70673409
70842358
70884685
71266407
71286125
71603197
71869498
72156367
72312627
72893625
72981488
73562326
74040691
74432222
75390186
75438820
75721756
75750590
76173488
76482434
76600360
76904792
77287764
77490514
78651939
78937420
79875438
80576254
80786329
80929738
81150290
81481903
81852496
82051518
82059860
82223507
82262664
82327674
82630959
83161861
83625397
83867257
84105632
84429681
84772440
84853828
85008179
85367644
85375207
85417034
85485252
85620664
85805514
85937380
85956459
86040272
86043885
86131091
86376716
86485206
86576108
86664345
86698277
86700461
86715129
86716947
86718021
86721619
86723143
86724433
86725175
86726887
86727555
86729033
86738494
86738694
86741304
86741690
86743641
86745912
86747351
86747757
86750028
86750262
86750861
86751819
86761682
86761836
86761912
86762037
86765434
86767173
86772934
86780673
86785083
86785102
86793739
86794404
86799300
86802844
86811043
86820376
86822085
86824794
86828698
86828792
86836744
86840554
86843270
86850560
86861614
86870856
86874930
86878488
86894490
86896635
86912142
86919603
86930446
86937884
86940305
86953414
86974263
86975889
87012746
87039091
87040694
87063175
87177591
87196890
87197791
87276347
87278757
87285329
87293485
87307430
87360406
87382579
87394977
87423323
87432909
87442297
87565571
87586992
87678698
87776861
87899141
88106904
88153289
88271237
88358606
88389149
88508515
88521435
88553213
88585077
88655279
88719902
88756322
88792641
88826062
88852808
88933594
88969389
89038430
89114049
89117038
89137399
89154291
89157606
89163371
89166519
89202829
89203345
89217927
89230834
89246836
89249333
89251386
89268488
89269794
89296893
89326318
89330493
89371588
89399750
89407113
89423756
89511038
89550641
89598554
89603649
89625472
89654154
89742217
89782335
89871557
90031225
90045009
90125566
90137663
90180366
90199779
90423751
90547237
90810663
90882159
90892194
90892734
90950804
91019997
91064780
91143798
91162296
91191397
91191651
91364275
91369376
91378736
91380904
91382254
91443418
91450612
91460772
91539960
91644707
91654584
91698091
91701543
91730177
91852305
91918857
91929373
91931211
91932652
91963568
91967054
91971075
91981924
91988610
92127891
92145869
92164306
92219187
92231506
92241448
92253768
92331184
92411451
92423451
92477990
92551671
92588070
92590479
92647162
92689594
92704330
92706637
92710509
92847434
92949094
92965969
92968238
93003633
93008928
93119769
93289364
93447516
93473848
93552791
93616251
93670407
93712171
93736444
93844612
93873058
94004717
94049589
94054712
94055258
94155156
94155736
94281932
94296097
94338967
94364925
94439767
94612878
94738847
94786276
94923783
95145869
95430068
95566398
95608249
95825708
96127152
96169991
96183976
96189126
96196828
96382750
96429099
96698174
96708830
96738880
97072681
97123042
97548447
97590558
97658618
97676580
97724935
97975407
98018029
98092287
98134803
98167706
98168389
98172857
98655746
98878010
98887913
98914820
99460568
99573176
99640447
99643683
99672424
99796146
99947395
99983413
100028335
100058342
100175472
100246000
100317750
100471531
100475288
100507647
100594231
100598951
100598959
100600249
100704400
100710185
100737431
100758751
100802913
100812084
100841499
100881809
100883708
101054160
101062921
101131545
101208242
101237419
101240880
101259972
101356886
101375717
101446572
101450083
101460882
101495620
101525357
101586543
101695162
101779337
101807484
101908305
101932097
102020930
102024068
102024536
102038636
102075794
102099826
102119379
102126005
102321631
102500941
102525542
102528150
102600341
102644565
102712376
102823997
102856993
102924091
103039499
103045129
103275898
103354522
103578570
103729052
103735745
103848086
103867263
103894687
103940975
104070670
104109762
104275965
104295506
104324194
104512126
104611628
104641064
104744109
104888934
104963314
105017745
105045291
105178768
105224607
105248644
105308199
105470669
105599955
105610776
105663807
105939162
106014083
106064005
106285240
106305388
106573901
106781506
106809101
106817726
106859637
106863163
107062094
107081378
107227595
107323220
107374743
107462128
107615580
107644273
107803494
107855479
107897138
107917119
108011225
108221389
108223843
108376607
108382060
108383863
108452107
108484186
108548063
108692343
108717482
108831569
108939324
108944039
109455705
109490736
109512357
109758944
109778511
109822425
109883841
110090274
110155287
110228930
110397360
110539311
110583422
110605738
110620360
110752309
110759067
110817921
110819366
110837826
111030315
111034589
111051733
111114687
111189717
111291593
111372926
111392103
111473138
111533846
111620041
111637216
112127585
112172688
112250781
112377459
112464030
112531417
112552914
112960848
113051039
113055496
113058821
113070925
113175114
113331514
113372833
113435203
113439358
113457795
113566747
113593330
113623249
113705693
113735534
113772477
113800818
113825167
113863940
113874152
113938016
113995822
114031486
114048579
114102606
114118637
114193693
114239371
114277986
114324948
114441753
114559048
114619230
114787051
114845159
114859966
115102590
115141430
115155220
115608873
115621730
115810875
115975133
116030980
116201886
116249155
116287390
116434499
116514161
116525052
116572078
116585378
116782914
116782975
116835433
116852311
116881520
117015167
117197143
117199412
117201231
117262984
117281554
117421467
117483894
117587043
117731777
117891932
117956848
117990312
118032120
118073569
118078153
118097484
118134220
118207269
118233883
118265470
118320193
118344286
118419316
118535382
118678359
119137163
119180054
119280615
119358220
119525384
119535307
119576842
119594755
119631156
119939006
120090915
120374476
120402898
120441439
120569619
120721805
120998268
121052479
121404228
121732459
121833213
121847953
121885295
121896179
121917409
122049498
122255316
122445696
122633513
122867857
122946170
123051238
123278602
123349095
123444610
123485937
123787524
123820195
123854991
123885977
123953528
124013062
124049453
124168390
124246681
124438626
124553723
124566285
124706060
124780194
124904609
124936122
125191873
125304246
125432874
125576983
125581247
125845797
126253073
126397214
126417273
126441784
126452507
126504039
127077041
127530803
128006048
128214794
128367019
128470130
128513043
128660724
128690793
129071882
129340473
129428681
129585121
129610677
129748056
129958758
130027499
130049546
130095331
130416036
130659032
130801103
130909394
130921377
131043881
131237305
131330953
131380551
131706718
131766964
131768153
132291754
132309493
132739889
132851371
133030718
133084797
133238320
133705802
133885475
133930771
133973515
133974105
133976297
134121021
134276083
134526211
134556694
134566957
134679634
134683396
134711350
134729228
134903105
135384059
135656964
135726105
135866497
135878232
136099804
136186119
136187546
136477860
136562659
136575603
136624722
137129583
137193239
137259794
137272985
137273293
137526096
137575534
137925613
138154666
138543123
138857296
138885864
138886670
139174891
139266129
139280377
139521962
139730879
139817412
139822354
139876032
139937922
139985766
140153524
140680642
141010367
141065684
141690233
142139318
142589406
142750189
142974425
143385139
143409233
143693439
144335589
144374051
144617629
144870065
144971992
145550466
145753537
146430689
146511635
147534374
148053939
148185527
148215639
148539787
148717237
148813674
149486894
149591474
149970561
150308514
150419909
151069590
151550803
151625242
151717190
151835528
152545459
152859296
152962063
153749549
153836240
154715080
155332459
155494381
155507163
156029808
156328257
156662698
156745021
156759951
157475523
157557921
157989498
158719194
158847773
159020918
159235251
159979850
160678812
162077924
162301572
162310729
163227125
163412639
163497368
163555221
163587550
163870721
163879323
164113247
164532005
164536353
164685175
164685813
165086162
165286316
166178728
166458146
166477604
166895253
166934730
167054382
167072778
167372590
167457267
167586065
167727238
168028715
168340162
168532604
168785654
168829831
169025618
169141480
169141544
169181898
169359249
169392647
169672157
170041034
170532209
170569148
171211166
171488246
171627713
171667606
171775246
172414207
172424257
172781504
173243564
173476224
173812218
173880329
173971950
174072428
174833121
175463659
175538337
175630389
176184718
176502766
176552562
176988393
176996872
177085220
177411785
177416702
177648913
178032556
178096221
178771086
179603165
179606701
179773256
180012313
180432774
181092754
181716137
182000490
182113992
182325064
182331313
182439266
182492319
182740731
182993582
184090105
184445673
184950344
185308907
185820236
186419935
186627166
186637294
186813403
186837494
186939694
186977347
187619311
187758589
187824320
187952007
188024905
188384233
188423794
188674980
189122128
189191680
189398048
189564374
189708209
191318276
192651991
192914280
193551893
193673646
193699561
193704726
193884241
194270488
194521913
194672667
194673410
194710965
194818271
195454861
195749709
196490133
196546726
197060279
197534213
197849259
198140104
198455581
199133117
199222238
200118370
200445370
200520919
201741490
202148694
202217968
204872035
205239629
205662271
205813150
207829314
208163435
208676190
208796906
211284773
211531481
211723691
211884113
212690145
216067541
217328682
217386639
219239958
220202887
220921211
220978729
221651179
221666230
221743617
222189151
226340817
228668923
230617400
231434006
231622898
232033806
232982435
234237646
234699894
236858633
237201026
237238721
237325411
238239590
240727522
242697694
245373129
247607981
248941611
249651648
250114507
250550088
250733860
251795025
252930452
253962772
254013249
254025588
254710104
255219872
256269737
258163409
258731472
259137096
260408033
262088456
262367336
268546384
269790980
277742444
278006984
278309950
285764200
287481472
287858366
288856114
292276988
292461276
293529846
294933582
296226696
296985310
298683250
298726580
304997594
307627379
311360822
311470527
315657960
316217576
316484103
323792491
325879145
328056842
331999484
332410979
339256210
340990425
342340720
343055485
345803031
348105741
349310876
355156901
359068880
362217852
367267973
369751488
370141815
370402912
371374667
371531142
372273611
372595310
375600147
376376587
380320771
382225911
385750274
389033587
393424689
397462905
401792574
410581437
424969929
430579976
447094894
449800619
462416430
848026377
