11562 1
88018 1
88470 1
145875 0
514364 2
690740 0
758174 1
1185644 1
1296625 0
1522705 2
2553754 2
3246092 1
3916428 0
3940262 0
4281729 0
5150808 0
5390881 2
5448108 2
5571849 2
6103402 0
6922000 0
8363146 0
8591574 2
8712306 0
9001210 0
10019586 0
10366616 0
10516239 0
11550182 0
11865327 0
11929046 2
12231202 0
16317795 2
16769223 1
18180970 0
19195168 0
19672354 0
19757254 1
20237599 1
20321748 0
20441493 1
20796460 0
21265941 0
21289303 0
21604967 2
23589642 2
23883296 0
24009418 0
24191321 1
25175582 0
25907144 0
26316691 0
26596237 2
26682464 2
26771994 0
26916833 1
27005611 2
27178898 0
27738470 1
28070572 0
28291366 0
29126401 2
29337472 1
29713094 2
29904110 0
30237211 0
31078647 2
31456357 2
31763321 1
31818853 2
32428445 0
32922146 1
32940748 1
32948553 0
32995405 0
33122084 2
33366656 2
33989295 1
34050628 1
34322358 0
34505203 0
34726076 1
35125459 2
35504297 0
35941194 2
36162063 2
36283165 2
36343070 1
36547811 0
36864918 2
37082864 0
37147003 2
37658157 0
38057824 0
38257256 1
38515149 2
38607887 0
38628747 0
39173624 1
39749294 0
40112682 0
40209325 0
40547474 0
40586005 0
41016928 1
41231571 0
41246809 0
41288955 2
41393767 1
41470731 2
41818582 1
42475673 2
42935949 2
42989814 1
43276219 0
43401453 1
43619695 0
43720230 1
44232590 2
47434686 0
47501114 0
47508363 0
47976221 1
48360195 0
48782900 2
49317728 0
49331113 0
49340426 1
49424504 2
50138949 0
50674154 1
50828662 0
51073415 0
51541746 1
51684352 0
51747431 0
51836201 0
52191022 1
53178236 0
53252694 1
53722536 1
54580962 0
55649904 1
56163466 2
56939869 1
57615524 2
57835748 1
58038052 1
58134384 0
58380135 1
59273184 0
59457413 1
59463394 0
59752811 1
60358050 2
60943014 0
61061435 1
61284613 0
62230193 0
63703276 2
65076060 1
65166008 0
65623472 1
65674469 0
65782028 1
66189266 2
66228684 0
66296404 2
66598119 0
66620961 0
67601693 1
67760037 1
67882382 1
68186278 0
68254582 0
68308368 0
68467307 2
69325073 1
70388657 0
70401824 2
70663093 0
70673409 2
70842358 0
70884685 0
71266407 0
71286125 2
71603197 0
71869498 2
72156367 2
72312627 0
72893625 1
72981488 1
73562326 0
74040691 1
74432222 0
75390186 0
75438820 2
75721756 1
75750590 0
76173488 1
76482434 1
76600360 0
76904792 2
77287764 1
77490514 1
78651939 1
78937420 1
79875438 1
80576254 1
80786329 0
80929738 1
81150290 2
81481903 2
81852496 0
82051518 0
82059860 1
82223507 0
82262664 0
82327674 0
82630959 1
83161861 0
83625397 2
83867257 1
84105632 0
84429681 0
84772440 0
84853828 0
85008179 0
85367644 1
85375207 2
85417034 0
85485252 2
85620664 2
85805514 0
85937380 0
85956459 0
86040272 0
86043885 1
86131091 2
86376716 0
86485206 0
86576108 0
86664345 2
86698277 0
86700461 0
86715129 1
86716947 1
86718021 1
86721619 1
86723143 0
86724433 1
86725175 0
86726887 0
86727555 0
86729033 2
86738494 1
86738694 0
86741304 1
86741690 0
86743641 0
86745912 0
86747351 2
86747757 1
86750028 2
86750262 1
86750861 1
86751819 1
86761682 0
86761836 2
86761912 1
86762037 1
86765434 0
86767173 0
86772934 0
86780673 0
86785083 0
86785102 1
86793739 0
86794404 1
86799300 0
86802844 0
86811043 0
86820376 2
86822085 0
86824794 0
86828698 2
86828792 1
86836744 0
86840554 0
86843270 1
86850560 2
86861614 0
86870856 0
86874930 0
86878488 0
86894490 2
86896635 1
86912142 1
86919603 0
86930446 1
86937884 0
86940305 0
86953414 0
86974263 0
86975889 1
87012746 0
87039091 0
87040694 1
87063175 0
87177591 0
87196890 0
87197791 0
87276347 0
87278757 0
87285329 0
87293485 1
87307430 2
87360406 0
87382579 0
87394977 1
87423323 0
87432909 1
87442297 0
87565571 2
87586992 0
87678698 2
87776861 1
87899141 2
88106904 0
88153289 0
88271237 1
88358606 1
88389149 1
88508515 1
88521435 0
88553213 0
88585077 0
88655279 0
88719902 1
88756322 0
88792641 2
88826062 1
88852808 0
88933594 0
88969389 1
89038430 1
89114049 1
89117038 0
89137399 2
89154291 1
89157606 1
89163371 0
89166519 0
89202829 0
89203345 0
89217927 2
89230834 2
89246836 1
89249333 2
89251386 2
89268488 1
89269794 0
89296893 1
89326318 2
89330493 0
89371588 1
89399750 2
89407113 2
89423756 0
89511038 1
89550641 0
89598554 0
89603649 2
89625472 1
89654154 1
89742217 2
89782335 1
89871557 0
90031225 0
90045009 1
90125566 0
90137663 1
90180366 0
90199779 0
90423751 0
90547237 1
90810663 1
90882159 0
90892194 2
90892734 0
90950804 0
91019997 2
91064780 0
91143798 1
91162296 0
91191397 1
91191651 1
91364275 0
91369376 0
91378736 2
91380904 1
91382254 2
91443418 0
91450612 1
91460772 0
91539960 1
91644707 1
91654584 0
91698091 3
91701543 1
91730177 0
91852305 1
91918857 1
91929373 2
91931211 1
91932652 1
91963568 2
91967054 0
91971075 1
91981924 2
91988610 2
92127891 0
92145869 2
92164306 0
92219187 0
92231506 0
92241448 1
92253768 0
92331184 1
92411451 1
92423451 0
92477990 0
92551671 1
92588070 2
92590479 0
92647162 0
92689594 2
92704330 2
92706637 1
92710509 2
92847434 0
92949094 0
92965969 2
92968238 1
93003633 0
93008928 0
93119769 0
93289364 0
93447516 1
93473848 0
93552791 0
93616251 0
93670407 1
93712171 2
93736444 0
93844612 2
93873058 1
94004717 0
94049589 0
94054712 0
94055258 0
94155156 0
94155736 2
94281932 1
94296097 0
94338967 0
94364925 0
94439767 1
94612878 0
94738847 0
94786276 0
94923783 0
95145869 1
95430068 0
95566398 1
95608249 2
95825708 0
96127152 0
96169991 0
96183976 1
96189126 0
96196828 0
96382750 1
96429099 1
96698174 1
96708830 1
96738880 0
97072681 0
97123042 2
97548447 1
97590558 0
97658618 0
97676580 2
97724935 2
97975407 0
98018029 1
98092287 1
98134803 1
98167706 0
98168389 2
98172857 0
98655746 0
98878010 0
98887913 0
98914820 1
99460568 0
99573176 2
99640447 2
99643683 0
99672424 0
99796146 0
99947395 1
99983413 0
100028335 0
100058342 0
100175472 2
100246000 1
100317750 0
100471531 0
100475288 2
100507647 0
100594231 0
100598951 0
100598959 0
100600249 2
100704400 0
100710185 1
100737431 0
100758751 2
100802913 1
100812084 1
100841499 0
100881809 1
100883708 2
101054160 1
101062921 1
101131545 1
101208242 1
101237419 1
101240880 0
101259972 0
101356886 0
101375717 0
101446572 0
101450083 0
101460882 2
101495620 0
101525357 0
101586543 0
101695162 0
101779337 0
101807484 1
101908305 1
101932097 1
102020930 0
102024068 0
102024536 0
102038636 1
102075794 0
102099826 0
102119379 0
102126005 1
102321631 0
102500941 1
102525542 0
102528150 0
102600341 2
102644565 0
102712376 2
102823997 1
102856993 0
102924091 0
103039499 0
103045129 2
103275898 0
103354522 2
103578570 2
103729052 0
103735745 0
103848086 0
103867263 0
103894687 2
103940975 0
104070670 1
104109762 1
104275965 2
104295506 0
104324194 0
104512126 1
104611628 0
104641064 0
104744109 0
104888934 0
104963314 0
105017745 0
105045291 0
105178768 0
105224607 0
105248644 0
105308199 2
105470669 1
105599955 2
105610776 0
105663807 0
105939162 0
106014083 1
106064005 2
106285240 0
106305388 2
106573901 0
106781506 1
106809101 0
106817726 2
106859637 1
106863163 0
107062094 2
107081378 0
107227595 0
107323220 0
107374743 0
107462128 2
107615580 2
107644273 1
107803494 0
107855479 0
107897138 1
107917119 1
108011225 0
108221389 1
108223843 1
108376607 0
108382060 0
108383863 0
108452107 0
108484186 1
108548063 2
108692343 0
108717482 0
108831569 1
108939324 1
108944039 1
109455705 0
109490736 1
109512357 0
109758944 1
109778511 1
109822425 1
109883841 1
110090274 1
110155287 1
110228930 0
110397360 1
110539311 0
110583422 0
110605738 1
110620360 2
110752309 1
110759067 0
110817921 1
110819366 1
110837826 0
111030315 0
111034589 0
111051733 2
111114687 0
111189717 0
111291593 0
111372926 1
111392103 0
111473138 0
111533846 2
111620041 0
111637216 0
112127585 1
112172688 2
112250781 0
112377459 0
112464030 2
112531417 2
112552914 1
112960848 0
113051039 1
113055496 1
113058821 0
113070925 2
113175114 0
113331514 0
113372833 0
113435203 0
113439358 1
113457795 0
113566747 2
113593330 1
113623249 1
113705693 1
113735534 1
113772477 0
113800818 0
113825167 0
113863940 0
113874152 0
113938016 2
113995822 0
114031486 1
114048579 0
114102606 0
114118637 1
114193693 0
114239371 0
114277986 1
114324948 1
114441753 0
114559048 1
114619230 0
114787051 1
114845159 1
114859966 0
115102590 1
115141430 0
115155220 1
115608873 1
115621730 2
115810875 2
115975133 1
116030980 1
116201886 2
116249155 2
116287390 2
116434499 1
116514161 0
116525052 2
116572078 1
116585378 0
116782914 0
116782975 0
116835433 1
116852311 0
116881520 1
117015167 0
117197143 0
117199412 1
117201231 1
117262984 2
117281554 0
117421467 0
117483894 0
117587043 1
117731777 0
117891932 0
117956848 0
117990312 0
118032120 1
118073569 1
118078153 2
118097484 0
118134220 0
118207269 1
118233883 0
118265470 1
118320193 1
118344286 1
118419316 0
118535382 1
118678359 0
119137163 0
119180054 2
119280615 0
119358220 2
119525384 2
119535307 0
119576842 0
119594755 0
119631156 1
119939006 1
120090915 1
120374476 1
120402898 0
120441439 2
120569619 2
120721805 0
120998268 2
121052479 1
121404228 2
121732459 0
121833213 0
121847953 2
121885295 0
121896179 0
121917409 0
122049498 1
122255316 2
122445696 0
122633513 0
122867857 0
122946170 1
123051238 0
123278602 1
123349095 1
123444610 0
123485937 2
123787524 0
123820195 1
123854991 1
123885977 1
123953528 0
124013062 1
124049453 1
124168390 2
124246681 0
124438626 0
124553723 0
124566285 1
124706060 1
124780194 0
124904609 0
124936122 1
125191873 0
125304246 1
125432874 1
125576983 1
125581247 0
125845797 0
126253073 2
126397214 0
126417273 0
126441784 1
126452507 2
126504039 0
127077041 0
127530803 0
128006048 0
128214794 2
128367019 0
128470130 1
128513043 0
128660724 0
128690793 0
129071882 2
129340473 0
129428681 2
129585121 0
129610677 1
129748056 1
129958758 0
130027499 1
130049546 1
130095331 1
130416036 0
130659032 1
130801103 0
130909394 1
130921377 1
131043881 0
131237305 2
131330953 0
131380551 0
131706718 0
131766964 2
131768153 2
132291754 1
132309493 0
132739889 0
132851371 0
133030718 0
133084797 0
133238320 2
133705802 0
133885475 0
133930771 0
133973515 0
133974105 1
133976297 0
134121021 2
134276083 0
134526211 1
134556694 0
134566957 2
134679634 1
134683396 0
134711350 0
134729228 2
134903105 0
135384059 0
135656964 0
135726105 2
135866497 2
135878232 0
136099804 2
136186119 2
136187546 2
136477860 0
136562659 1
136575603 0
136624722 2
137129583 1
137193239 0
137259794 1
137272985 0
137273293 0
137526096 2
137575534 0
137925613 0
138154666 1
138543123 0
138857296 0
138885864 0
138886670 0
139174891 0
139266129 1
139280377 0
139521962 0
139730879 1
139817412 0
139822354 0
139876032 0
139937922 0
139985766 0
140153524 0
140680642 1
141010367 0
141065684 1
141690233 0
142139318 0
142589406 0
142750189 2
142974425 0
143385139 1
143409233 2
143693439 2
144335589 0
144374051 1
144617629 0
144870065 1
144971992 1
145550466 0
145753537 0
146430689 0
146511635 0
147534374 1
148053939 0
148185527 2
148215639 0
148539787 2
148717237 0
148813674 2
149486894 0
149591474 0
149970561 0
150308514 0
150419909 0
151069590 2
151550803 0
151625242 0
151717190 1
151835528 0
152545459 0
152859296 0
152962063 0
153749549 0
153836240 1
154715080 0
155332459 0
155494381 0
155507163 1
156029808 0
156328257 1
156662698 0
156745021 1
156759951 1
157475523 0
157557921 0
157989498 0
158719194 1
158847773 0
159020918 0
159235251 1
159979850 1
160678812 0
162077924 2
162301572 0
162310729 1
163227125 1
163412639 0
163497368 0
163555221 0
163587550 0
163870721 2
163879323 0
164113247 0
164532005 0
164536353 1
164685175 0
164685813 1
165086162 1
165286316 2
166178728 1
166458146 0
166477604 0
166895253 0
166934730 2
167054382 0
167072778 0
167372590 1
167457267 1
167586065 1
167727238 2
168028715 0
168340162 0
168532604 1
168785654 1
168829831 2
169025618 0
169141480 2
169141544 2
169181898 0
169359249 0
169392647 0
169672157 0
170041034 1
170532209 1
170569148 0
171211166 0
171488246 2
171627713 2
171667606 1
171775246 0
172414207 0
172424257 0
172781504 0
173243564 1
173476224 0
173812218 0
173880329 0
173971950 1
174072428 1
174833121 2
175463659 0
175538337 0
175630389 1
176184718 2
176502766 2
176552562 0
176988393 0
176996872 0
177085220 0
177411785 0
177416702 0
177648913 0
178032556 0
178096221 0
178771086 1
179603165 0
179606701 2
179773256 0
180012313 0
180432774 2
181092754 0
181716137 0
182000490 0
182113992 1
182325064 1
182331313 0
182439266 0
182492319 0
182740731 0
182993582 0
184090105 1
184445673 0
184950344 0
185308907 0
185820236 1
186419935 0
186627166 0
186637294 1
186813403 1
186837494 0
186939694 2
186977347 0
187619311 0
187758589 2
187824320 0
187952007 0
188024905 1
188384233 1
188423794 0
188674980 2
189122128 0
189191680 2
189398048 0
189564374 0
189708209 0
191318276 0
192651991 0
192914280 0
193551893 1
193673646 0
193699561 1
193704726 1
193884241 2
194270488 0
194521913 0
194672667 1
194673410 1
194710965 0
194818271 1
195454861 1
195749709 2
196490133 2
196546726 2
197060279 0
197534213 0
197849259 0
198140104 0
198455581 0
199133117 0
199222238 1
200118370 0
200445370 0
200520919 0
201741490 0
202148694 1
202217968 1
204872035 1
205239629 0
205662271 2
205813150 0
207829314 0
208163435 0
208676190 1
208796906 0
211284773 0
211531481 0
211723691 0
211884113 0
212690145 0
216067541 0
217328682 0
217386639 0
219239958 0
220202887 0
220921211 0
220978729 0
221651179 0
221666230 0
221743617 0
222189151 2
226340817 1
228668923 1
230617400 0
231434006 0
231622898 1
232033806 1
232982435 0
234237646 0
234699894 1
236858633 0
237201026 1
237238721 0
237325411 0
238239590 0
240727522 0
242697694 0
245373129 0
247607981 1
248941611 1
249651648 0
250114507 0
250550088 0
250733860 1
251795025 1
252930452 0
253962772 0
254013249 0
254025588 0
254710104 0
255219872 0
256269737 0
258163409 0
258731472 0
259137096 0
260408033 1
262088456 1
262367336 0
268546384 2
269790980 1
277742444 1
278006984 0
278309950 2
285764200 0
287481472 0
287858366 1
288856114 2
292276988 0
292461276 0
293529846 0
294933582 0
296226696 0
296985310 1
298683250 0
298726580 2
304997594 0
307627379 0
311360822 0
311470527 2
315657960 0
316217576 1
316484103 0
323792491 0
325879145 1
328056842 0
331999484 1
332410979 2
339256210 1
340990425 1
342340720 0
343055485 1
345803031 2
348105741 0
349310876 2
355156901 1
359068880 1
362217852 1
367267973 1
369751488 0
370141815 2
370402912 0
371374667 0
371531142 0
372273611 0
372595310 0
375600147 0
376376587 1
380320771 0
382225911 0
385750274 1
389033587 0
393424689 2
397462905 0
401792574 0
410581437 0
424969929 0
430579976 0
447094894 0
449800619 0
462416430 0
848026377 0
